1	2005. 06. 03. 0:00:00	2005. 07. 26. 0:00:00
2	2004. 08. 04. 0:00:00	2004. 09. 25. 0:00:00
3	2007. 02. 02. 0:00:00	2007. 04. 02. 0:00:00
4	2005. 08. 31. 0:00:00	2005. 09. 29. 0:00:00
5	2007. 02. 07. 0:00:00	2007. 04. 04. 0:00:00
6	2004. 11. 06. 0:00:00	2004. 12. 28. 0:00:00
7	2005. 11. 20. 0:00:00	2006. 01. 13. 0:00:00
8	2004. 07. 11. 0:00:00	2004. 08. 20. 0:00:00
9	2004. 07. 01. 0:00:00	2004. 08. 16. 0:00:00
10	2006. 03. 16. 0:00:00	2006. 04. 29. 0:00:00
11	2005. 12. 23. 0:00:00	2006. 02. 19. 0:00:00
12	2006. 01. 26. 0:00:00	2006. 02. 28. 0:00:00
13	2006. 09. 19. 0:00:00	2006. 11. 12. 0:00:00
14	2005. 05. 20. 0:00:00	2005. 07. 16. 0:00:00
15	2005. 08. 01. 0:00:00	2005. 09. 11. 0:00:00
16	2005. 07. 19. 0:00:00	2005. 09. 14. 0:00:00
17	2004. 10. 13. 0:00:00	2004. 12. 08. 0:00:00
18	2005. 05. 15. 0:00:00	2005. 06. 30. 0:00:00
19	2005. 01. 19. 0:00:00	2005. 02. 14. 0:00:00
20	2006. 08. 06. 0:00:00	2006. 09. 25. 0:00:00
21	2005. 07. 05. 0:00:00	2005. 07. 26. 0:00:00
22	2005. 07. 22. 0:00:00	2005. 07. 30. 0:00:00
23	2006. 01. 15. 0:00:00	2006. 03. 16. 0:00:00
24	2006. 05. 18. 0:00:00	2006. 06. 27. 0:00:00
25	2006. 04. 14. 0:00:00	2006. 06. 03. 0:00:00
26	2005. 12. 21. 0:00:00	2005. 12. 30. 0:00:00
27	2004. 09. 29. 0:00:00	2004. 11. 14. 0:00:00
28	2005. 07. 23. 0:00:00	2005. 09. 12. 0:00:00
29	2006. 11. 12. 0:00:00	2007. 01. 04. 0:00:00
30	2004. 06. 27. 0:00:00	2004. 07. 24. 0:00:00
31	2004. 10. 09. 0:00:00	2004. 11. 16. 0:00:00
32	2004. 07. 05. 0:00:00	2004. 07. 31. 0:00:00
33	2004. 09. 13. 0:00:00	2004. 10. 23. 0:00:00
34	2005. 05. 27. 0:00:00	2005. 07. 20. 0:00:00
35	2005. 03. 09. 0:00:00	2005. 04. 17. 0:00:00
36	2006. 01. 26. 0:00:00	2006. 02. 27. 0:00:00
37	2004. 08. 01. 0:00:00	2004. 09. 21. 0:00:00
38	2006. 09. 30. 0:00:00	2006. 11. 24. 0:00:00
39	2004. 10. 24. 0:00:00	2004. 11. 28. 0:00:00
40	2005. 09. 11. 0:00:00	2005. 10. 29. 0:00:00
41	2006. 07. 28. 0:00:00	2006. 09. 20. 0:00:00
42	2006. 03. 14. 0:00:00	2006. 04. 06. 0:00:00
43	2004. 11. 03. 0:00:00	2004. 12. 11. 0:00:00
44	2005. 09. 03. 0:00:00	2005. 09. 24. 0:00:00
45	2004. 08. 16. 0:00:00	2004. 10. 14. 0:00:00
46	2004. 07. 30. 0:00:00	2004. 09. 14. 0:00:00
47	2005. 04. 01. 0:00:00	2005. 04. 23. 0:00:00
48	2005. 06. 30. 0:00:00	2005. 08. 27. 0:00:00
49	2006. 10. 12. 0:00:00	2006. 12. 09. 0:00:00
50	2005. 10. 21. 0:00:00	2005. 11. 23. 0:00:00
51	2005. 11. 25. 0:00:00	2006. 01. 20. 0:00:00
52	2006. 08. 17. 0:00:00	2006. 10. 09. 0:00:00
53	2004. 08. 03. 0:00:00	2004. 09. 19. 0:00:00
54	2006. 06. 06. 0:00:00	2006. 07. 28. 0:00:00
55	2006. 07. 30. 0:00:00	2006. 09. 16. 0:00:00
56	2005. 08. 29. 0:00:00	2005. 09. 25. 0:00:00
57	2006. 08. 25. 0:00:00	2006. 10. 18. 0:00:00
58	2005. 10. 08. 0:00:00	2005. 12. 07. 0:00:00
59	2006. 05. 06. 0:00:00	2006. 06. 29. 0:00:00
60	2005. 05. 18. 0:00:00	2005. 07. 09. 0:00:00
61	2005. 12. 12. 0:00:00	2005. 12. 19. 0:00:00
62	2004. 12. 02. 0:00:00	2005. 01. 24. 0:00:00
63	2006. 06. 29. 0:00:00	2006. 07. 12. 0:00:00
64	2004. 11. 11. 0:00:00	2004. 12. 05. 0:00:00
65	2006. 11. 06. 0:00:00	2006. 12. 27. 0:00:00
66	2004. 07. 19. 0:00:00	2004. 09. 14. 0:00:00
67	2004. 07. 21. 0:00:00	2004. 09. 11. 0:00:00
68	2004. 09. 01. 0:00:00	2004. 10. 23. 0:00:00
69	2006. 12. 11. 0:00:00	2007. 02. 04. 0:00:00
70	2005. 01. 26. 0:00:00	2005. 03. 04. 0:00:00
71	2005. 06. 16. 0:00:00	2005. 08. 03. 0:00:00
72	2004. 08. 30. 0:00:00	2004. 09. 23. 0:00:00
73	2006. 06. 01. 0:00:00	2006. 07. 16. 0:00:00
74	2005. 05. 17. 0:00:00	2005. 06. 24. 0:00:00
75	2007. 01. 29. 0:00:00	2007. 03. 15. 0:00:00
76	2005. 09. 16. 0:00:00	2005. 11. 01. 0:00:00
77	2005. 09. 06. 0:00:00	2005. 11. 04. 0:00:00
78	2005. 11. 14. 0:00:00	2005. 12. 13. 0:00:00
79	2006. 02. 15. 0:00:00	2006. 04. 15. 0:00:00
80	2006. 03. 28. 0:00:00	2006. 05. 06. 0:00:00
81	2006. 10. 25. 0:00:00	2006. 12. 06. 0:00:00
82	2005. 11. 01. 0:00:00	2005. 12. 16. 0:00:00
83	2005. 12. 31. 0:00:00	2006. 02. 27. 0:00:00
84	2005. 04. 06. 0:00:00	2005. 05. 12. 0:00:00
85	2006. 01. 23. 0:00:00	2006. 03. 08. 0:00:00
86	2006. 01. 04. 0:00:00	2006. 02. 28. 0:00:00
87	2006. 10. 24. 0:00:00	2006. 12. 03. 0:00:00
88	2004. 11. 09. 0:00:00	2004. 12. 26. 0:00:00
89	2005. 11. 02. 0:00:00	2005. 12. 16. 0:00:00
90	2005. 06. 16. 0:00:00	2005. 08. 09. 0:00:00
91	2004. 09. 12. 0:00:00	2004. 11. 11. 0:00:00
92	2006. 08. 16. 0:00:00	2006. 09. 16. 0:00:00
93	2005. 01. 23. 0:00:00	2005. 02. 23. 0:00:00
94	2005. 10. 02. 0:00:00	2005. 11. 26. 0:00:00
95	2006. 01. 12. 0:00:00	2006. 03. 08. 0:00:00
96	2006. 05. 15. 0:00:00	2006. 06. 25. 0:00:00
97	2005. 07. 24. 0:00:00	2005. 09. 06. 0:00:00
98	2004. 10. 27. 0:00:00	2004. 11. 30. 0:00:00
99	2006. 08. 19. 0:00:00	2006. 10. 17. 0:00:00
100	2004. 11. 04. 0:00:00	2004. 12. 26. 0:00:00
101	2006. 11. 22. 0:00:00	2006. 12. 27. 0:00:00
102	2004. 07. 21. 0:00:00	2004. 09. 14. 0:00:00
103	2005. 09. 12. 0:00:00	2005. 11. 10. 0:00:00
104	2005. 05. 11. 0:00:00	2005. 06. 18. 0:00:00
105	2005. 07. 08. 0:00:00	2005. 08. 23. 0:00:00
106	2005. 11. 16. 0:00:00	2006. 01. 07. 0:00:00
107	2005. 10. 16. 0:00:00	2005. 11. 24. 0:00:00
108	2005. 10. 28. 0:00:00	2005. 12. 20. 0:00:00
109	2005. 08. 03. 0:00:00	2005. 09. 13. 0:00:00
110	2005. 11. 11. 0:00:00	2005. 12. 25. 0:00:00
111	2006. 11. 19. 0:00:00	2007. 01. 15. 0:00:00
112	2004. 12. 18. 0:00:00	2005. 01. 07. 0:00:00
113	2004. 07. 08. 0:00:00	2004. 08. 07. 0:00:00
114	2006. 05. 11. 0:00:00	2006. 07. 08. 0:00:00
115	2004. 12. 05. 0:00:00	2005. 01. 30. 0:00:00
116	2004. 08. 19. 0:00:00	2004. 10. 13. 0:00:00
117	2005. 03. 08. 0:00:00	2005. 04. 26. 0:00:00
118	2004. 08. 18. 0:00:00	2004. 10. 08. 0:00:00
119	2006. 04. 05. 0:00:00	2006. 05. 01. 0:00:00
120	2004. 06. 28. 0:00:00	2004. 08. 26. 0:00:00
121	2005. 03. 23. 0:00:00	2005. 05. 04. 0:00:00
122	2006. 11. 24. 0:00:00	2007. 01. 17. 0:00:00
123	2006. 05. 01. 0:00:00	2006. 06. 14. 0:00:00
124	2004. 08. 13. 0:00:00	2004. 09. 01. 0:00:00
125	2006. 09. 12. 0:00:00	2006. 11. 01. 0:00:00
126	2006. 12. 07. 0:00:00	2007. 01. 16. 0:00:00
127	2005. 07. 27. 0:00:00	2005. 09. 14. 0:00:00
128	2004. 12. 09. 0:00:00	2005. 02. 01. 0:00:00
129	2006. 09. 30. 0:00:00	2006. 11. 02. 0:00:00
130	2007. 02. 12. 0:00:00	2007. 02. 28. 0:00:00
131	2006. 07. 13. 0:00:00	2006. 08. 25. 0:00:00
132	2004. 10. 22. 0:00:00	2004. 11. 26. 0:00:00
133	2004. 05. 25. 0:00:00	2004. 06. 27. 0:00:00
134	2004. 09. 26. 0:00:00	2004. 10. 24. 0:00:00
135	2007. 01. 15. 0:00:00	2007. 03. 08. 0:00:00
136	2004. 06. 25. 0:00:00	2004. 08. 13. 0:00:00
137	2006. 07. 10. 0:00:00	2006. 09. 03. 0:00:00
138	2005. 10. 18. 0:00:00	2005. 12. 10. 0:00:00
139	2006. 11. 19. 0:00:00	2007. 01. 08. 0:00:00
140	2005. 12. 05. 0:00:00	2006. 02. 02. 0:00:00
141	2005. 07. 18. 0:00:00	2005. 08. 20. 0:00:00
142	2005. 03. 26. 0:00:00	2005. 05. 18. 0:00:00
143	2007. 01. 31. 0:00:00	2007. 03. 28. 0:00:00
144	2005. 11. 26. 0:00:00	2006. 01. 18. 0:00:00
145	2005. 12. 23. 0:00:00	2006. 02. 19. 0:00:00
146	2006. 09. 09. 0:00:00	2006. 10. 10. 0:00:00
147	2006. 12. 08. 0:00:00	2006. 12. 13. 0:00:00
148	2004. 07. 05. 0:00:00	2004. 07. 12. 0:00:00
149	2004. 08. 24. 0:00:00	2004. 10. 20. 0:00:00
150	2004. 08. 15. 0:00:00	2004. 09. 12. 0:00:00
151	2005. 01. 03. 0:00:00	2005. 02. 16. 0:00:00
152	2006. 11. 13. 0:00:00	2006. 11. 17. 0:00:00
153	2006. 04. 20. 0:00:00	2006. 05. 18. 0:00:00
154	2005. 11. 23. 0:00:00	2006. 01. 15. 0:00:00
155	2006. 10. 26. 0:00:00	2006. 12. 22. 0:00:00
156	2006. 02. 18. 0:00:00	2006. 04. 19. 0:00:00
157	2004. 10. 09. 0:00:00	2004. 10. 11. 0:00:00
158	2004. 06. 23. 0:00:00	2004. 08. 07. 0:00:00
159	2005. 09. 24. 0:00:00	2005. 11. 03. 0:00:00
160	2005. 12. 03. 0:00:00	2006. 01. 27. 0:00:00
161	2004. 11. 30. 0:00:00	2005. 01. 07. 0:00:00
162	2006. 07. 10. 0:00:00	2006. 09. 08. 0:00:00
163	2004. 08. 31. 0:00:00	2004. 10. 27. 0:00:00
164	2006. 04. 19. 0:00:00	2006. 06. 08. 0:00:00
165	2004. 09. 26. 0:00:00	2004. 11. 20. 0:00:00
166	2004. 07. 15. 0:00:00	2004. 09. 01. 0:00:00
167	2006. 06. 26. 0:00:00	2006. 08. 14. 0:00:00
168	2006. 12. 12. 0:00:00	2007. 02. 06. 0:00:00
169	2004. 12. 20. 0:00:00	2005. 02. 01. 0:00:00
170	2005. 04. 13. 0:00:00	2005. 05. 24. 0:00:00
171	2005. 11. 06. 0:00:00	2006. 01. 03. 0:00:00
172	2006. 01. 23. 0:00:00	2006. 03. 24. 0:00:00
173	2006. 01. 31. 0:00:00	2006. 02. 26. 0:00:00
174	2004. 06. 20. 0:00:00	2004. 08. 19. 0:00:00
175	2006. 10. 03. 0:00:00	2006. 11. 27. 0:00:00
176	2005. 03. 20. 0:00:00	2005. 05. 14. 0:00:00
177	2005. 08. 30. 0:00:00	2005. 10. 05. 0:00:00
178	2006. 02. 11. 0:00:00	2006. 04. 03. 0:00:00
179	2004. 12. 28. 0:00:00	2005. 02. 14. 0:00:00
180	2006. 09. 02. 0:00:00	2006. 10. 28. 0:00:00
181	2005. 08. 22. 0:00:00	2005. 10. 15. 0:00:00
182	2006. 08. 17. 0:00:00	2006. 09. 28. 0:00:00
183	2006. 02. 18. 0:00:00	2006. 03. 21. 0:00:00
184	2004. 11. 21. 0:00:00	2005. 01. 11. 0:00:00
185	2005. 01. 23. 0:00:00	2005. 03. 02. 0:00:00
186	2005. 02. 07. 0:00:00	2005. 03. 19. 0:00:00
187	2005. 04. 14. 0:00:00	2005. 05. 09. 0:00:00
188	2005. 01. 18. 0:00:00	2005. 03. 16. 0:00:00
189	2004. 10. 14. 0:00:00	2004. 11. 30. 0:00:00
190	2006. 09. 23. 0:00:00	2006. 11. 03. 0:00:00
191	2006. 07. 20. 0:00:00	2006. 09. 15. 0:00:00
192	2004. 07. 23. 0:00:00	2004. 09. 17. 0:00:00
193	2006. 02. 02. 0:00:00	2006. 03. 28. 0:00:00
194	2004. 08. 02. 0:00:00	2004. 09. 25. 0:00:00
195	2006. 08. 22. 0:00:00	2006. 10. 17. 0:00:00
196	2006. 01. 17. 0:00:00	2006. 03. 14. 0:00:00
197	2006. 09. 21. 0:00:00	2006. 11. 17. 0:00:00
198	2005. 04. 05. 0:00:00	2005. 05. 23. 0:00:00
199	2005. 06. 05. 0:00:00	2005. 07. 25. 0:00:00
200	2006. 07. 12. 0:00:00	2006. 09. 08. 0:00:00
201	2007. 02. 14. 0:00:00	2007. 03. 28. 0:00:00
202	2005. 04. 10. 0:00:00	2005. 05. 29. 0:00:00
203	2004. 06. 04. 0:00:00	2004. 08. 01. 0:00:00
204	2005. 02. 26. 0:00:00	2005. 04. 15. 0:00:00
205	2005. 09. 11. 0:00:00	2005. 11. 04. 0:00:00
206	2006. 09. 22. 0:00:00	2006. 11. 05. 0:00:00
207	2005. 11. 17. 0:00:00	2005. 12. 28. 0:00:00
208	2004. 08. 11. 0:00:00	2004. 09. 29. 0:00:00
209	2005. 07. 19. 0:00:00	2005. 08. 31. 0:00:00
210	2004. 07. 17. 0:00:00	2004. 09. 15. 0:00:00
211	2006. 12. 30. 0:00:00	2007. 02. 28. 0:00:00
212	2005. 01. 06. 0:00:00	2005. 02. 27. 0:00:00
213	2005. 02. 16. 0:00:00	2005. 03. 12. 0:00:00
214	2005. 01. 26. 0:00:00	2005. 03. 16. 0:00:00
215	2006. 12. 09. 0:00:00	2007. 01. 08. 0:00:00
216	2006. 03. 14. 0:00:00	2006. 03. 25. 0:00:00
217	2004. 12. 21. 0:00:00	2005. 02. 17. 0:00:00
218	2006. 09. 03. 0:00:00	2006. 10. 28. 0:00:00
219	2004. 09. 30. 0:00:00	2004. 11. 18. 0:00:00
220	2005. 12. 29. 0:00:00	2006. 02. 21. 0:00:00
221	2005. 09. 01. 0:00:00	2005. 10. 29. 0:00:00
222	2006. 07. 03. 0:00:00	2006. 07. 04. 0:00:00
223	2004. 07. 30. 0:00:00	2004. 09. 18. 0:00:00
224	2005. 07. 21. 0:00:00	2005. 09. 15. 0:00:00
225	2005. 08. 09. 0:00:00	2005. 09. 22. 0:00:00
226	2006. 07. 02. 0:00:00	2006. 08. 06. 0:00:00
227	2004. 09. 01. 0:00:00	2004. 10. 27. 0:00:00
228	2004. 11. 30. 0:00:00	2005. 01. 20. 0:00:00
229	2006. 09. 12. 0:00:00	2006. 11. 04. 0:00:00
230	2004. 08. 10. 0:00:00	2004. 09. 30. 0:00:00
231	2004. 06. 17. 0:00:00	2004. 07. 30. 0:00:00
232	2005. 12. 23. 0:00:00	2006. 02. 21. 0:00:00
233	2007. 01. 13. 0:00:00	2007. 03. 07. 0:00:00
234	2004. 07. 17. 0:00:00	2004. 08. 30. 0:00:00
235	2005. 12. 21. 0:00:00	2006. 02. 06. 0:00:00
236	2007. 02. 01. 0:00:00	2007. 03. 18. 0:00:00
237	2004. 12. 07. 0:00:00	2005. 01. 31. 0:00:00
238	2007. 01. 27. 0:00:00	2007. 03. 11. 0:00:00
239	2007. 02. 11. 0:00:00	2007. 04. 08. 0:00:00
240	2005. 05. 22. 0:00:00	2005. 06. 09. 0:00:00
241	2005. 07. 23. 0:00:00	2005. 08. 25. 0:00:00
242	2006. 02. 15. 0:00:00	2006. 03. 31. 0:00:00
243	2004. 10. 29. 0:00:00	2004. 12. 27. 0:00:00
244	2006. 09. 26. 0:00:00	2006. 11. 07. 0:00:00
245	2004. 12. 22. 0:00:00	2005. 01. 21. 0:00:00
246	2006. 08. 21. 0:00:00	2006. 10. 06. 0:00:00
247	2006. 07. 09. 0:00:00	2006. 08. 27. 0:00:00
248	2005. 02. 16. 0:00:00	2005. 04. 05. 0:00:00
249	2004. 09. 17. 0:00:00	2004. 11. 10. 0:00:00
250	2005. 09. 19. 0:00:00	2005. 10. 23. 0:00:00
251	2004. 06. 18. 0:00:00	2004. 08. 02. 0:00:00
252	2004. 12. 02. 0:00:00	2005. 01. 28. 0:00:00
253	2004. 09. 20. 0:00:00	2004. 11. 06. 0:00:00
254	2006. 05. 01. 0:00:00	2006. 06. 18. 0:00:00
255	2004. 10. 06. 0:00:00	2004. 11. 08. 0:00:00
256	2004. 11. 25. 0:00:00	2005. 01. 16. 0:00:00
257	2004. 08. 01. 0:00:00	2004. 09. 16. 0:00:00
258	2004. 10. 11. 0:00:00	2004. 11. 23. 0:00:00
259	2005. 08. 31. 0:00:00	2005. 10. 10. 0:00:00
260	2006. 06. 17. 0:00:00	2006. 07. 06. 0:00:00
261	2004. 07. 05. 0:00:00	2004. 08. 14. 0:00:00
262	2005. 04. 21. 0:00:00	2005. 06. 14. 0:00:00
263	2005. 07. 16. 0:00:00	2005. 08. 30. 0:00:00
264	2004. 10. 05. 0:00:00	2004. 11. 04. 0:00:00
265	2005. 10. 15. 0:00:00	2005. 11. 22. 0:00:00
266	2005. 01. 31. 0:00:00	2005. 02. 02. 0:00:00
267	2006. 01. 04. 0:00:00	2006. 02. 17. 0:00:00
268	2006. 11. 04. 0:00:00	2006. 12. 28. 0:00:00
269	2005. 11. 15. 0:00:00	2006. 01. 12. 0:00:00
270	2004. 10. 28. 0:00:00	2004. 12. 16. 0:00:00
271	2006. 05. 07. 0:00:00	2006. 07. 02. 0:00:00
272	2005. 02. 08. 0:00:00	2005. 04. 08. 0:00:00
273	2005. 06. 06. 0:00:00	2005. 08. 01. 0:00:00
274	2007. 01. 24. 0:00:00	2007. 03. 19. 0:00:00
275	2006. 03. 10. 0:00:00	2006. 04. 27. 0:00:00
276	2006. 03. 20. 0:00:00	2006. 05. 12. 0:00:00
277	2004. 10. 05. 0:00:00	2004. 10. 21. 0:00:00
278	2007. 02. 05. 0:00:00	2007. 03. 15. 0:00:00
279	2004. 07. 07. 0:00:00	2004. 08. 31. 0:00:00
280	2005. 12. 13. 0:00:00	2006. 02. 01. 0:00:00
281	2005. 01. 17. 0:00:00	2005. 03. 08. 0:00:00
282	2007. 01. 04. 0:00:00	2007. 03. 04. 0:00:00
283	2004. 08. 12. 0:00:00	2004. 10. 09. 0:00:00
284	2006. 09. 07. 0:00:00	2006. 10. 25. 0:00:00
285	2006. 11. 30. 0:00:00	2007. 01. 09. 0:00:00
286	2005. 11. 15. 0:00:00	2006. 01. 09. 0:00:00
287	2006. 10. 02. 0:00:00	2006. 11. 25. 0:00:00
288	2006. 06. 11. 0:00:00	2006. 08. 07. 0:00:00
289	2004. 08. 24. 0:00:00	2004. 09. 24. 0:00:00
290	2006. 02. 11. 0:00:00	2006. 04. 01. 0:00:00
291	2004. 07. 28. 0:00:00	2004. 09. 22. 0:00:00
292	2004. 06. 17. 0:00:00	2004. 08. 10. 0:00:00
293	2004. 10. 04. 0:00:00	2004. 12. 03. 0:00:00
294	2006. 04. 25. 0:00:00	2006. 06. 19. 0:00:00
295	2005. 10. 15. 0:00:00	2005. 12. 05. 0:00:00
296	2006. 06. 17. 0:00:00	2006. 08. 12. 0:00:00
297	2004. 06. 30. 0:00:00	2004. 08. 12. 0:00:00
298	2006. 09. 10. 0:00:00	2006. 09. 18. 0:00:00
299	2004. 09. 26. 0:00:00	2004. 11. 04. 0:00:00
300	2005. 12. 06. 0:00:00	2006. 02. 01. 0:00:00
301	2007. 02. 03. 0:00:00	2007. 03. 18. 0:00:00
302	2005. 10. 21. 0:00:00	2005. 12. 13. 0:00:00
303	2005. 09. 27. 0:00:00	2005. 11. 06. 0:00:00
304	2005. 08. 27. 0:00:00	2005. 09. 16. 0:00:00
305	2005. 10. 29. 0:00:00	2005. 12. 25. 0:00:00
306	2005. 02. 15. 0:00:00	2005. 04. 14. 0:00:00
307	2004. 12. 04. 0:00:00	2005. 01. 27. 0:00:00
308	2004. 05. 26. 0:00:00	2004. 07. 06. 0:00:00
309	2004. 06. 01. 0:00:00	2004. 07. 23. 0:00:00
310	2006. 01. 28. 0:00:00	2006. 01. 31. 0:00:00
311	2004. 08. 07. 0:00:00	2004. 09. 20. 0:00:00
312	2005. 05. 20. 0:00:00	2005. 06. 29. 0:00:00
313	2005. 06. 15. 0:00:00	2005. 08. 05. 0:00:00
314	2004. 08. 13. 0:00:00	2004. 10. 06. 0:00:00
315	2006. 05. 22. 0:00:00	2006. 07. 21. 0:00:00
316	2006. 09. 17. 0:00:00	2006. 11. 04. 0:00:00
317	2004. 07. 03. 0:00:00	2004. 08. 24. 0:00:00
318	2005. 10. 11. 0:00:00	2005. 12. 09. 0:00:00
319	2005. 03. 01. 0:00:00	2005. 04. 29. 0:00:00
320	2006. 02. 17. 0:00:00	2006. 04. 15. 0:00:00
321	2006. 03. 02. 0:00:00	2006. 04. 12. 0:00:00
322	2005. 06. 25. 0:00:00	2005. 08. 22. 0:00:00
323	2005. 05. 10. 0:00:00	2005. 07. 02. 0:00:00
324	2007. 01. 25. 0:00:00	2007. 03. 19. 0:00:00
325	2005. 10. 16. 0:00:00	2005. 12. 05. 0:00:00
326	2004. 12. 10. 0:00:00	2005. 01. 13. 0:00:00
327	2005. 05. 30. 0:00:00	2005. 06. 17. 0:00:00
328	2004. 11. 15. 0:00:00	2005. 01. 10. 0:00:00
329	2005. 12. 27. 0:00:00	2006. 02. 18. 0:00:00
330	2006. 01. 27. 0:00:00	2006. 03. 22. 0:00:00
331	2005. 07. 10. 0:00:00	2005. 09. 06. 0:00:00
332	2005. 05. 10. 0:00:00	2005. 05. 20. 0:00:00
333	2005. 12. 02. 0:00:00	2006. 01. 21. 0:00:00
334	2005. 03. 29. 0:00:00	2005. 05. 17. 0:00:00
335	2005. 05. 17. 0:00:00	2005. 07. 11. 0:00:00
336	2006. 12. 07. 0:00:00	2007. 01. 18. 0:00:00
337	2004. 10. 05. 0:00:00	2004. 11. 28. 0:00:00
338	2005. 02. 01. 0:00:00	2005. 02. 25. 0:00:00
339	2006. 10. 08. 0:00:00	2006. 11. 30. 0:00:00
340	2005. 10. 08. 0:00:00	2005. 11. 30. 0:00:00
341	2006. 03. 25. 0:00:00	2006. 05. 16. 0:00:00
342	2004. 06. 08. 0:00:00	2004. 07. 30. 0:00:00
343	2006. 02. 25. 0:00:00	2006. 04. 11. 0:00:00
344	2005. 10. 28. 0:00:00	2005. 12. 08. 0:00:00
345	2005. 10. 12. 0:00:00	2005. 12. 03. 0:00:00
346	2006. 01. 17. 0:00:00	2006. 03. 13. 0:00:00
347	2005. 09. 22. 0:00:00	2005. 11. 16. 0:00:00
348	2005. 04. 15. 0:00:00	2005. 05. 20. 0:00:00
349	2006. 05. 25. 0:00:00	2006. 07. 11. 0:00:00
350	2006. 10. 03. 0:00:00	2006. 11. 30. 0:00:00
351	2005. 02. 23. 0:00:00	2005. 04. 21. 0:00:00
352	2005. 04. 05. 0:00:00	2005. 06. 03. 0:00:00
353	2006. 04. 09. 0:00:00	2006. 06. 07. 0:00:00
354	2005. 01. 02. 0:00:00	2005. 02. 25. 0:00:00
355	2005. 12. 16. 0:00:00	2005. 12. 21. 0:00:00
356	2006. 08. 19. 0:00:00	2006. 10. 18. 0:00:00
357	2005. 06. 17. 0:00:00	2005. 08. 08. 0:00:00
358	2006. 02. 21. 0:00:00	2006. 04. 15. 0:00:00
359	2006. 01. 08. 0:00:00	2006. 02. 19. 0:00:00
360	2005. 12. 11. 0:00:00	2006. 02. 08. 0:00:00
361	2006. 11. 04. 0:00:00	2006. 12. 29. 0:00:00
362	2006. 01. 10. 0:00:00	2006. 03. 03. 0:00:00
363	2004. 11. 22. 0:00:00	2005. 01. 21. 0:00:00
364	2004. 08. 01. 0:00:00	2004. 09. 24. 0:00:00
365	2006. 01. 27. 0:00:00	2006. 03. 10. 0:00:00
366	2006. 04. 15. 0:00:00	2006. 05. 28. 0:00:00
367	2004. 07. 27. 0:00:00	2004. 09. 24. 0:00:00
368	2004. 09. 07. 0:00:00	2004. 10. 29. 0:00:00
369	2006. 08. 25. 0:00:00	2006. 10. 23. 0:00:00
370	2005. 09. 06. 0:00:00	2005. 10. 30. 0:00:00
371	2006. 11. 18. 0:00:00	2007. 01. 06. 0:00:00
372	2006. 06. 24. 0:00:00	2006. 08. 16. 0:00:00
373	2006. 03. 23. 0:00:00	2006. 05. 18. 0:00:00
374	2004. 06. 10. 0:00:00	2004. 07. 20. 0:00:00
375	2004. 11. 25. 0:00:00	2005. 01. 15. 0:00:00
376	2004. 07. 03. 0:00:00	2004. 08. 22. 0:00:00
377	2005. 09. 01. 0:00:00	2005. 10. 30. 0:00:00
378	2005. 04. 23. 0:00:00	2005. 06. 19. 0:00:00
379	2006. 10. 14. 0:00:00	2006. 10. 26. 0:00:00
380	2006. 06. 28. 0:00:00	2006. 08. 06. 0:00:00
381	2004. 10. 28. 0:00:00	2004. 12. 22. 0:00:00
382	2006. 10. 27. 0:00:00	2006. 12. 09. 0:00:00
383	2007. 01. 06. 0:00:00	2007. 02. 28. 0:00:00
384	2004. 12. 04. 0:00:00	2005. 01. 26. 0:00:00
385	2007. 01. 31. 0:00:00	2007. 03. 05. 0:00:00
386	2004. 10. 12. 0:00:00	2004. 12. 03. 0:00:00
387	2006. 10. 21. 0:00:00	2006. 12. 19. 0:00:00
388	2005. 04. 28. 0:00:00	2005. 05. 03. 0:00:00
389	2006. 08. 31. 0:00:00	2006. 10. 28. 0:00:00
390	2004. 09. 28. 0:00:00	2004. 10. 16. 0:00:00
391	2006. 07. 28. 0:00:00	2006. 09. 17. 0:00:00
392	2007. 01. 22. 0:00:00	2007. 03. 14. 0:00:00
393	2005. 01. 27. 0:00:00	2005. 03. 18. 0:00:00
394	2004. 09. 09. 0:00:00	2004. 09. 26. 0:00:00
395	2007. 01. 18. 0:00:00	2007. 03. 14. 0:00:00
396	2006. 08. 31. 0:00:00	2006. 10. 28. 0:00:00
397	2004. 12. 10. 0:00:00	2005. 02. 03. 0:00:00
398	2006. 11. 23. 0:00:00	2006. 12. 24. 0:00:00
399	2006. 09. 16. 0:00:00	2006. 10. 29. 0:00:00
400	2006. 04. 15. 0:00:00	2006. 06. 13. 0:00:00
401	2006. 02. 23. 0:00:00	2006. 04. 24. 0:00:00
402	2005. 05. 18. 0:00:00	2005. 07. 04. 0:00:00
403	2005. 10. 31. 0:00:00	2005. 12. 25. 0:00:00
404	2004. 06. 22. 0:00:00	2004. 08. 12. 0:00:00
405	2004. 11. 19. 0:00:00	2005. 01. 17. 0:00:00
406	2005. 04. 28. 0:00:00	2005. 06. 08. 0:00:00
407	2005. 09. 09. 0:00:00	2005. 11. 06. 0:00:00
408	2007. 01. 02. 0:00:00	2007. 02. 11. 0:00:00
409	2006. 07. 21. 0:00:00	2006. 09. 10. 0:00:00
410	2006. 06. 14. 0:00:00	2006. 06. 21. 0:00:00
411	2005. 09. 19. 0:00:00	2005. 10. 30. 0:00:00
412	2004. 12. 19. 0:00:00	2005. 01. 31. 0:00:00
413	2005. 11. 20. 0:00:00	2005. 12. 17. 0:00:00
414	2005. 11. 18. 0:00:00	2006. 01. 10. 0:00:00
415	2005. 11. 18. 0:00:00	2005. 12. 15. 0:00:00
416	2005. 07. 30. 0:00:00	2005. 09. 19. 0:00:00
417	2006. 01. 01. 0:00:00	2006. 02. 10. 0:00:00
418	2006. 08. 18. 0:00:00	2006. 10. 15. 0:00:00
419	2007. 01. 10. 0:00:00	2007. 03. 04. 0:00:00
420	2005. 05. 15. 0:00:00	2005. 06. 30. 0:00:00
421	2004. 07. 24. 0:00:00	2004. 09. 14. 0:00:00
422	2005. 10. 12. 0:00:00	2005. 11. 25. 0:00:00
423	2006. 10. 17. 0:00:00	2006. 12. 12. 0:00:00
424	2006. 03. 31. 0:00:00	2006. 05. 14. 0:00:00
425	2005. 02. 04. 0:00:00	2005. 03. 20. 0:00:00
426	2007. 02. 14. 0:00:00	2007. 04. 07. 0:00:00
427	2006. 09. 30. 0:00:00	2006. 11. 01. 0:00:00
428	2005. 11. 02. 0:00:00	2005. 12. 17. 0:00:00
429	2006. 10. 08. 0:00:00	2006. 11. 28. 0:00:00
430	2006. 06. 04. 0:00:00	2006. 07. 15. 0:00:00
431	2004. 08. 05. 0:00:00	2004. 09. 16. 0:00:00
432	2004. 09. 04. 0:00:00	2004. 10. 14. 0:00:00
433	2006. 02. 16. 0:00:00	2006. 03. 18. 0:00:00
434	2006. 05. 12. 0:00:00	2006. 06. 24. 0:00:00
435	2006. 09. 23. 0:00:00	2006. 11. 15. 0:00:00
436	2005. 02. 23. 0:00:00	2005. 04. 22. 0:00:00
437	2006. 11. 07. 0:00:00	2006. 12. 29. 0:00:00
438	2005. 07. 21. 0:00:00	2005. 09. 14. 0:00:00
439	2006. 03. 18. 0:00:00	2006. 05. 13. 0:00:00
440	2006. 11. 09. 0:00:00	2006. 12. 15. 0:00:00
441	2006. 09. 20. 0:00:00	2006. 10. 20. 0:00:00
442	2006. 01. 01. 0:00:00	2006. 02. 21. 0:00:00
443	2006. 09. 27. 0:00:00	2006. 11. 22. 0:00:00
444	2005. 03. 30. 0:00:00	2005. 05. 09. 0:00:00
445	2006. 06. 08. 0:00:00	2006. 08. 04. 0:00:00
446	2004. 07. 19. 0:00:00	2004. 09. 09. 0:00:00
447	2005. 08. 07. 0:00:00	2005. 09. 22. 0:00:00
448	2004. 06. 26. 0:00:00	2004. 08. 25. 0:00:00
449	2005. 09. 22. 0:00:00	2005. 10. 24. 0:00:00
450	2005. 07. 07. 0:00:00	2005. 08. 17. 0:00:00
451	2005. 08. 26. 0:00:00	2005. 09. 30. 0:00:00
452	2006. 11. 05. 0:00:00	2007. 01. 02. 0:00:00
453	2006. 06. 28. 0:00:00	2006. 08. 09. 0:00:00
454	2006. 12. 10. 0:00:00	2007. 02. 01. 0:00:00
455	2004. 06. 26. 0:00:00	2004. 08. 17. 0:00:00
456	2005. 10. 27. 0:00:00	2005. 12. 19. 0:00:00
457	2005. 10. 03. 0:00:00	2005. 11. 03. 0:00:00
458	2006. 03. 02. 0:00:00	2006. 03. 24. 0:00:00
459	2006. 04. 03. 0:00:00	2006. 06. 01. 0:00:00
460	2004. 06. 16. 0:00:00	2004. 08. 13. 0:00:00
461	2004. 12. 07. 0:00:00	2005. 01. 30. 0:00:00
462	2005. 01. 14. 0:00:00	2005. 03. 12. 0:00:00
463	2004. 08. 17. 0:00:00	2004. 10. 04. 0:00:00
464	2004. 09. 11. 0:00:00	2004. 10. 25. 0:00:00
465	2004. 11. 07. 0:00:00	2004. 12. 26. 0:00:00
466	2006. 02. 01. 0:00:00	2006. 03. 20. 0:00:00
467	2005. 07. 04. 0:00:00	2005. 08. 28. 0:00:00
468	2005. 06. 25. 0:00:00	2005. 08. 23. 0:00:00
469	2005. 02. 13. 0:00:00	2005. 04. 10. 0:00:00
470	2005. 01. 23. 0:00:00	2005. 03. 19. 0:00:00
471	2005. 07. 16. 0:00:00	2005. 09. 10. 0:00:00
472	2004. 10. 03. 0:00:00	2004. 11. 26. 0:00:00
473	2005. 02. 01. 0:00:00	2005. 02. 21. 0:00:00
474	2004. 12. 09. 0:00:00	2005. 01. 27. 0:00:00
475	2006. 07. 24. 0:00:00	2006. 08. 28. 0:00:00
476	2004. 07. 08. 0:00:00	2004. 08. 31. 0:00:00
477	2005. 07. 13. 0:00:00	2005. 07. 14. 0:00:00
478	2005. 03. 09. 0:00:00	2005. 03. 19. 0:00:00
479	2006. 02. 15. 0:00:00	2006. 04. 12. 0:00:00
480	2005. 10. 09. 0:00:00	2005. 12. 04. 0:00:00
481	2005. 01. 06. 0:00:00	2005. 02. 25. 0:00:00
482	2005. 02. 03. 0:00:00	2005. 03. 29. 0:00:00
483	2005. 02. 17. 0:00:00	2005. 03. 15. 0:00:00
484	2005. 08. 16. 0:00:00	2005. 10. 05. 0:00:00
485	2006. 11. 24. 0:00:00	2007. 01. 13. 0:00:00
486	2005. 08. 05. 0:00:00	2005. 08. 11. 0:00:00
487	2006. 10. 10. 0:00:00	2006. 11. 18. 0:00:00
488	2006. 06. 10. 0:00:00	2006. 07. 21. 0:00:00
489	2006. 02. 08. 0:00:00	2006. 02. 21. 0:00:00
490	2004. 06. 15. 0:00:00	2004. 08. 12. 0:00:00
491	2005. 04. 23. 0:00:00	2005. 06. 15. 0:00:00
492	2005. 11. 29. 0:00:00	2006. 01. 22. 0:00:00
493	2005. 09. 07. 0:00:00	2005. 11. 05. 0:00:00
494	2006. 05. 12. 0:00:00	2006. 07. 11. 0:00:00
495	2006. 03. 20. 0:00:00	2006. 04. 28. 0:00:00
496	2006. 02. 07. 0:00:00	2006. 04. 07. 0:00:00
497	2004. 10. 28. 0:00:00	2004. 12. 13. 0:00:00
498	2006. 10. 03. 0:00:00	2006. 11. 04. 0:00:00
499	2005. 02. 01. 0:00:00	2005. 03. 10. 0:00:00
